[STATS]
"Achievement_14130028_Stat" = 11.000000
"CloseCombatExpert" = 1.000000
"RootingItems_GTID" = 4.000000

